#XSPEC version: 12.13.0c
#Build Date/Time: Thu Jan 12 14:41:02 2023
#
!XSPEC12> fit 10000
#                                   Parameters
#Chi-Squared  |beta|/N    Lvl       2:alpha        3:beta       4:epeak        6:norm      7:factor     13:factor
#137.882      0.0652736     4      -1.01882      -2.13570       1748.67      0.267735      0.975193       1.17974
#======================================================================
# Variances and Principal Axes
#                 2        3        4        6        7       13  
# 3.4479E-05|  0.1188   0.0171   0.0000   0.9754   0.1833   0.0254  
# 4.1948E-04|  0.9618   0.0726   0.0001  -0.0801  -0.2204   0.1215  
# 2.6040E-03| -0.2336   0.0806   0.0001   0.1904  -0.9083   0.2786  
# 9.1847E-03| -0.0798   0.6472   0.0003  -0.0722   0.2780   0.7017  
# 1.7420E-02| -0.0018   0.7544  -0.0000   0.0272  -0.1244  -0.6439  
# 6.4131E+04|  0.0001   0.0002  -1.0000   0.0000   0.0000   0.0003  
#----------------------------------------------------------------------
#
#========================================================================
#  Covariance Matrix
#        1           2           3           4           5           6   
#   1.228e-03   6.380e-04  -6.403e+00   5.817e-05   2.748e-04   1.011e-03
#   6.380e-04   1.587e-02  -1.158e+01   2.377e-04  -1.612e-04  -1.292e-03
#  -6.403e+00  -1.158e+01   6.413e+04  -1.505e+00  -1.030e-01  -1.627e+01
#   5.817e-05   2.377e-04  -1.505e+00   2.259e-04  -6.776e-04  -2.528e-04
#   2.748e-04  -1.612e-04  -1.030e-01  -6.776e-04   3.150e-03   2.543e-03
#   1.011e-03  -1.292e-03  -1.627e+01  -2.528e-04   2.543e-03   1.608e-02
#------------------------------------------------------------------------
#
#========================================================================
#Model constant<1>*ngrbep<2> Source No.: 1   Active/On
#Model Model Component  Parameter  Unit     Value
# par  comp
#                           Data group: 1
#   1    1   constant   factor              1.00000      frozen
#   2    2   ngrbep     alpha               -1.01882     +/-  3.50480E-02  
#   3    2   ngrbep     beta                -2.13570     +/-  0.125976     
#   4    2   ngrbep     epeak      keV      1748.67      +/-  253.240      
#   5    2   ngrbep     enorm      keV      100.000      frozen
#   6    2   ngrbep     norm                0.267735     +/-  1.50315E-02  
#                           Data group: 2
#   7    1   constant   factor              0.975193     +/-  5.61229E-02  
#   8    2   ngrbep     alpha               -1.01882     = p2
#   9    2   ngrbep     beta                -2.13570     = p3
#  10    2   ngrbep     epeak      keV      1748.67      = p4
#  11    2   ngrbep     enorm      keV      100.000      = p5
#  12    2   ngrbep     norm                0.267735     = p6
#                           Data group: 3
#  13    1   constant   factor              1.17974      +/-  0.126817     
#  14    2   ngrbep     alpha               -1.01882     = p2
#  15    2   ngrbep     beta                -2.13570     = p3
#  16    2   ngrbep     epeak      keV      1748.67      = p4
#  17    2   ngrbep     enorm      keV      100.000      = p5
#  18    2   ngrbep     norm                0.267735     = p6
#________________________________________________________________________
#
#
#Fit statistic  : Chi-Squared                   16.62     using 18 bins, spectrum 1, group 1.
#                 Chi-Squared                   15.23     using 5 bins, spectrum 2, group 1.
#                 Chi-Squared                   37.46     using 19 bins, spectrum 3, group 2.
#                 Chi-Squared                   32.84     using 24 bins, spectrum 4, group 2.
#                 Chi-Squared                   21.30     using 29 bins, spectrum 5, group 2.
#                 Chi-Squared                   14.43     using 15 bins, spectrum 6, group 3.
#Total fit statistic                           137.88     with 104 d.o.f.
#
#Test statistic : Chi-Squared                  137.88     using 110 bins.
# Null hypothesis probability of 1.47e-02 with 104 degrees of freedom
#
!XSPEC12> err 2-4
# Parameter   Confidence Range (2.706)
#     2     -1.06275    -0.976875    (-0.0439331,0.0419465)
#     3     -2.38876     -1.97881    (-0.25306,0.156886)
#     4      1159.79      2630.91    (-588.905,882.215)
#
!XSPEC12> log none
#