#XSPEC version: 12.13.0c
#Build Date/Time: Thu Jan 12 14:41:02 2023
#
!XSPEC12> fit 10000
#                                   Parameters
#Chi-Squared  |beta|/N    Lvl       2:alpha        3:beta       4:epeak        6:norm      7:factor     13:factor
#128.634      1.38576e-05  -3     -0.537097      -2.83299       701.561      0.139047      0.985237       1.11330
#======================================================================
# Variances and Principal Axes
#                 2        3        4        6        7       13  
# 8.0212E-06| -0.0405  -0.0047  -0.0002  -0.9964  -0.0704  -0.0216  
# 8.2503E-04|  0.8507   0.0474   0.0010  -0.0106  -0.4328   0.2943  
# 1.9261E-03| -0.4966   0.0114  -0.0002   0.0753  -0.8415   0.1988  
# 5.6763E-03|  0.1669  -0.1205  -0.0010   0.0362  -0.3155  -0.9256  
# 4.3195E-02| -0.0149   0.9915   0.0019  -0.0007  -0.0083  -0.1290  
# 2.8865E+03|  0.0008   0.0021  -1.0000   0.0001   0.0001   0.0009  
#----------------------------------------------------------------------
#
#========================================================================
#  Covariance Matrix
#        1           2           3           4           5           6   
#   2.957e-03   3.866e-03  -2.226e+00   1.575e-04   3.820e-04   1.251e-03
#   3.866e-03   5.485e-02  -5.958e+00   4.866e-04   2.898e-04   5.550e-04
#  -2.226e+00  -5.958e+00   2.886e+03  -2.619e-01  -2.261e-01  -2.630e+00
#   1.575e-04   4.866e-04  -2.619e-01   5.019e-05  -1.617e-04   7.906e-05
#   3.820e-04   2.898e-04  -2.261e-01  -1.617e-04   2.104e-03   1.483e-03
#   1.251e-03   5.550e-04  -2.630e+00   7.906e-05   1.483e-03   8.126e-03
#------------------------------------------------------------------------
#
#========================================================================
#Model constant<1>*ngrbep<2> Source No.: 1   Active/On
#Model Model Component  Parameter  Unit     Value
# par  comp
#                           Data group: 1
#   1    1   constant   factor              1.00000      frozen
#   2    2   ngrbep     alpha               -0.537097    +/-  5.43738E-02  
#   3    2   ngrbep     beta                -2.83299     +/-  0.234194     
#   4    2   ngrbep     epeak      keV      701.561      +/-  53.7258      
#   5    2   ngrbep     enorm      keV      100.000      frozen
#   6    2   ngrbep     norm                0.139047     +/-  7.08465E-03  
#                           Data group: 2
#   7    1   constant   factor              0.985237     +/-  4.58713E-02  
#   8    2   ngrbep     alpha               -0.537097    = p2
#   9    2   ngrbep     beta                -2.83299     = p3
#  10    2   ngrbep     epeak      keV      701.561      = p4
#  11    2   ngrbep     enorm      keV      100.000      = p5
#  12    2   ngrbep     norm                0.139047     = p6
#                           Data group: 3
#  13    1   constant   factor              1.11330      +/-  9.01433E-02  
#  14    2   ngrbep     alpha               -0.537097    = p2
#  15    2   ngrbep     beta                -2.83299     = p3
#  16    2   ngrbep     epeak      keV      701.561      = p4
#  17    2   ngrbep     enorm      keV      100.000      = p5
#  18    2   ngrbep     norm                0.139047     = p6
#________________________________________________________________________
#
#
#Fit statistic  : Chi-Squared                   38.96     using 35 bins, spectrum 1, group 1.
#                 Chi-Squared                   10.70     using 10 bins, spectrum 2, group 1.
#                 Chi-Squared                   38.69     using 51 bins, spectrum 3, group 2.
#                 Chi-Squared                   35.14     using 39 bins, spectrum 4, group 2.
#                 Chi-Squared                    5.15     using 12 bins, spectrum 5, group 3.
#Total fit statistic                           128.63     with 141 d.o.f.
#
#Test statistic : Chi-Squared                  128.63     using 147 bins.
# Null hypothesis probability of 7.64e-01 with 141 degrees of freedom
#
!XSPEC12> err 2-4,7,13
# Parameter   Confidence Range (2.706)
#     2    -0.626196    -0.438591    (-0.0890978,0.098507)
#     3     -3.56158     -2.53253    (-0.728593,0.300462)
#     4      611.855      808.487    (-89.7071,106.925)
#     7     0.912875      1.06451    (-0.0723613,0.0792765)
#    13     0.969619      1.28581    (-0.143679,0.172514)
#
!XSPEC12> log none
#